CD8T CD4T NK Bcell Mono Gran
A_1 0.136838876708236 0.226674978457815 0.0324192817497706 0.0802277597781709 0.274355480995688 0.24948362231032
B_2 0.268900107815253 0.190305831151132 0.100972379626295 0.152197941688546 0.201469507391137 0.0861542323276372
C_3 0.188208434836489 0.277375875539763 0.100546169366057 0.247881832891814 0.01865954728914 0.167328140076737
D_4 0.0883181266351415 0.333173183776166 0.179218658670053 0.0463913254767601 0.157175565929471 0.195723139512409
E_5 0.0815006826154136 0.143530176503439 0.253409140054282 0.0946938327871314 0.277150678908009 0.149715489131725
F_6 0.244253989661788 0.391760499497453 0.227089715271692 0.047541783320068 0.0483810896585745 0.0409729225904246
G_7 0.105725279412115 0.177142660120558 0.208993663557207 0.221134419249099 0.16157102586066 0.125432951800361
H_8 0.174037157491154 0.277875438597831 0.126625543974065 0.234946362886949 0.158262128921801 0.0282533681282004
I_9 0.247574747539514 0.089675198892366 0.0131833636458548 0.166976634104366 0.241641138900208 0.240948916917691
J_10 0.263315582202076 0.0790955742104125 0.0494182663860392 0.270167234987299 0.204273248050196 0.133730094163978
K_11 0.130904764064783 0.275620999267707 0.119327145917347 0.166094341208793 0.200323838608135 0.107728910933236
L_12 0.170085297401505 0.267583973538521 0.214735607403896 0.0419639316962655 0.103982231361647 0.201648958598166
M_13 0.165319613073742 0.228514464944116 0.015237411822949 0.249545736173609 0.256184666635348 0.0851981073502366
N_14 0.0757214607383313 0.147770378230001 0.190988901840071 0.369126382009547 0.102950736692542 0.113442140489509
O_15 0.102406468951571 0.133234057753292 0.340740039773313 0.213449078749902 0.0406000274671217 0.1695703273048
P_16 0.205268017138953 0.235249846395342 0.0522476968037039 0.247257164569557 0.136721422827328 0.123255852265117
Q_17 0.150977666277811 0.188007849424577 0.0571868948360577 0.171331576872021 0.254396624096486 0.178099388493047
R_18 0.383901569078464 0.1821640366505 0.145049855621785 0.0321259934595327 0.0634364531682102 0.193322092021508
S_19 0.134054619357452 0.0804375058080864 0.27909253901813 0.202199912335029 0.0723797433268797 0.231835680154422
T_20 0.197739959424413 0.181328181033791 0.182002319652838 0.199474882842925 0.00710534761417485 0.232349309431858
U_21 0.0463116595298264 0.129235729698964 0.202583625175422 0.268486875189608 0.261074556969972 0.0923075534362082
V_22 0.0891779237397 0.282239009932673 0.0522578481810788 0.131304777000667 0.147209176298028 0.297811264847853
W_23 0.140065305301519 0.215373822401734 0.250117062588282 0.2282372838723 0.0791311532622971 0.0870753725738684
X_24 0.115301173690695 0.144832361124579 0.164821751826375 0.137479584017521 0.240810343904381 0.19675478543645
Y_25 0.0570426934761416 0.000472157313920804 0.128234806894125 0.349784392941785 0.421324641232564 0.0431413081414644
Z_26 0.140038854456899 0.115987197150432 0.0410108449834826 0.291494745718683 0.252605443736732 0.158862913953772
AA_27 0.104874387346546 0.114483679927848 0.244644000694267 0.133951736116333 0.232783011886109 0.169263184028896
AB_28 0.129458890756027 0.188019840145045 0.141354605306266 0.206444910915807 0.190767680425667 0.143954072451188
AC_29 0.321647906169704 0.0971791573385453 0.381435166706946 0.0595504515631406 0.0379229206691161 0.102264397552548
AD_30 0.301301605728533 0.0656143148643993 0.0809215502828647 0.169233925849081 0.115154764290886 0.267773838984235
AE_31 0.133951621552782 0.180677712988837 0.198214297747979 0.122579036895132 0.20864611281078 0.155931218004491
AF_32 0.116902988403478 0.125819737712856 0.0887225076031408 0.30750012325784 0.116061579071074 0.244993063951611
AG_33 0.203940499001484 0.0894373012659777 0.188063242990645 0.232006109481771 0.285444248303243 0.00110859895687881
AH_34 0.274947497147389 0.0574983317087172 0.302201051924543 0.0390959537288838 0.245125729745946 0.0811314357445215
AI_35 0.162229733791184 0.0558020716465989 0.0818170896984452 0.323969465859948 0.109056803208476 0.267124835795348
AJ_36 0.275872038018677 0.12159033911542 0.0548811096392965 0.17303546143474 0.26567487218607 0.108946179605797
AK_37 0.146261383469426 0.14511673720041 0.189758017904818 0.240168489982667 0.104695277161961 0.174000094280717
AL_38 0.0294549310852158 0.195628133581284 0.244834508849652 0.00286771324517888 0.405442219762717 0.121772493475951
AM_39 0.295426717178334 0.00523525415431484 0.19255028218599 0.251397533332096 0.0408003114988969 0.214589901650368
AN_40 0.232991413046093 0.197557935414421 0.166195035024381 0.107203201973898 0.0850047810513811 0.211047633489826
AO_41 0.315776821951518 0.0840328123817395 0.171035331690248 0.0698695728993059 0.280172639192905 0.0791128218842831
AP_42 0.152883156895229 0.216203650038214 0.0654389860982719 0.249165234086415 0.16588674790361 0.15042222497826
AQ_43 0.223908191255354 0.256702001127857 0.0754280803642867 0.123898864312207 0.0698628263737566 0.250200036566539
AR_44 0.118441315535312 0.0596917310140912 0.255629862271941 0.0905299382432872 0.282557632946757 0.193149519988611
AS_45 0.0565504993533861 0.148301749457982 0.0984274111928668 0.244095277103311 0.246793786548789 0.205831276343665
AT_46 0.255508835130886 0.194169029091717 0.163206695372942 0.150303060434767 0.232545471937755 0.00426690803193267
AU_47 0.248057033727866 0.148311742218988 0.0777646356355302 0.257178759937266 0.0363875226549494 0.2323003058254
AV_48 0.135855895199419 0.211383564876738 0.155166375375778 0.193501661616733 0.0813012740508588 0.222791228880473
AW_49 0.206018934074109 0.0987456003539203 0.202359919655875 0.347642315779733 0.140298690793704 0.00493453934265985
AX_50 0.255124779930609 0.158298604320253 0.0932226599476648 0.321650540464154 0.165056329006254 0.00664708633106554
AY_51 0.0400730517882494 0.277437928082599 0.4984116497504 0.0333413142599161 0.0462146356004441 0.104521420518391
AZ_52 0.0129305947849603 0.250912741660796 0.0783934397858975 0.341202072679353 0.286609431403423 0.0299517196855693
BA_53 0.225066557536864 0.175193960024247 0.0579817807043177 0.187587879302653 0.233740582187179 0.12042924024474
BB_54 0.173987472839653 0.200498887947984 0.360397478297545 0.0987958801360195 0.052955046254331 0.113365234524468
BC_55 0.0417969801630809 0.195861251161214 0.245155440229119 0.172936899837862 0.249983170470831 0.0942662581378938
BD_56 0.040670213054499 0.203745216846001 0.0448180087343494 0.256080700894817 0.249829910985799 0.204855949484534
BE_57 0.143130148095091 0.00222518924424756 0.256079815735589 0.253079228305713 0.231074177414187 0.114411441205173
BF_58 0.0634113383237189 0.194443818788174 0.156758229163174 0.258797375684107 0.092949244079402 0.233639993961424
BG_59 0.181326108783524 0.128729832215118 0.200338984848871 0.0421469493555135 0.234361711418114 0.213096413378858
BH_60 0.165125639369851 0.159282687629049 0.26865080066955 0.225869256517921 0.057467134843608 0.123604480970021
BI_61 0.213159572547956 0.145171288511554 0.169811711044531 0.124129070092834 0.284630905556977 0.063097452246147
BJ_62 0.115238476802839 0.423330572336248 0.143800982387638 0.0412081429515481 0.189928627817734 0.086493197703993
BK_63 0.226616004377532 0.210944325349275 0.154042894048072 0.0329900905348835 0.17554416184671 0.199862523843527
BL_64 0.010552304619088 0.261314530785943 0.14405077452459 0.0312776746669415 0.338617283926268 0.214187431477169
BM_65 0.225920324893355 0.418617565485954 0.0786071964684463 0.1602692941449 0.0377208692649335 0.0788647497424105
BN_66 0.0508553262336676 0.0592556667080991 0.14687925888907 0.240952569768088 0.297633070849284 0.204424107551792
BO_67 0.242455451548246 0.26290587586753 0.212207759104665 0.0556513342567156 0.0257879780052546 0.200991601217588
BP_68 0.0782097452770855 0.462782276881265 0.211705707658957 0.061214237435911 0.160236297394346 0.0258517353524355
BQ_69 0.146997248511532 0.0663024407569647 0.23496495793167 0.140105670156428 0.291753956889836 0.119875725753569
BR_70 0.0318883922922131 0.242423563588603 0.0794787532529647 0.16676870537439 0.235102491540011 0.244338093951818
BS_71 0.0647392372677601 0.187270302602439 0.17130267660553 0.327909824805945 0.148376965373 0.100400993345326
BT_72 0.138133928364201 0.251237149099917 0.195275719743743 0.146893869610337 0.225264326854706 0.0431950063270958
BU_73 0.311666137094082 0.225515717107617 0.0404579921199928 0.00703391005117878 0.280325342665296 0.135000900961833
BV_74 0.164719608708318 0.111167476743374 0.104328055479013 0.190741864444613 0.234259674821868 0.194783319802814
BW_75 0.201973798780106 0.24681622317739 0.220794275070102 0.0340796966726964 0.0745314578794657 0.22180454842024
BX_76 0.255564077079664 0.284495611412431 0.153263995418524 0.0481607734390943 0.0123406073390256 0.24617493531126
BY_77 0.1875139228743 0.261930745334044 0.24352002467242 0.212412986575361 0.0229567044000591 0.0716656161438164
BZ_78 0.241719031076133 0.307532601747229 0.152618652510444 0.0627210804881044 0.12339231622709 0.112016317951
CA_79 0.168471271389202 0.0914666867733401 0.0193757997856381 0.199033084493862 0.288777834338158 0.232875323219799
CB_80 0.167712471104825 0.0962024076774271 0.18879215098891 0.0985759650980884 0.266137694799411 0.182579310331338
CC_81 0.246344618552542 0.253180656931831 0.0598335940969953 0.266318760746629 0.145647582805433 0.0286747868665699
CD_82 0.119769569736991 0.20249477609048 0.0414555008366961 0.276999363261312 0.237107223729432 0.122173566345088
CE_83 0.0706579111425015 0.266440703276654 0.202353512319931 0.268724361379036 0.084768971535926 0.107054540345951
CF_84 0.18676398444785 0.167713496310913 0.0224611498210228 0.282330933241625 0.102051990730668 0.238678445447922
CG_85 0.239514445232024 0.0520050202471051 0.200130867947485 0.0599219199814706 0.21356203128542 0.234865715306495
CH_86 0.113198491932142 0.387730711335492 0.0232798675762836 0.12348995307951 0.0877265063293176 0.264574469747254
CI_87 0.101353256307179 0.145635220144146 0.266620025788738 0.125701073444646 0.252040607096281 0.108649817219009
CJ_88 0.0500688730938155 0.052578870927679 0.233414368892375 0.353873239972077 0.101134364671126 0.208930282442927
CK_89 0.0570481485500741 0.140248275790081 0.233372206606321 0.253146738741718 0.2269851179903 0.0891995123215059
CL_90 0.254086393569207 0.196697591805169 0.140705542448877 0.120321526803183 0.0174010684050104 0.270787876968553
CM_91 0.200096085510397 0.149100956882951 0.165928008106078 0.155708639907634 0.141993793476551 0.187172516116389
CN_92 0.0175914789914447 0.225985828872786 0.0481860530897191 0.192860808244129 0.269256783685412 0.246119047116509
CO_93 0.123719490781506 0.168472726053065 0.203548683199128 0.171010196800327 0.147614367467125 0.185634535698848
CP_94 0.138925765166926 0.117210300109871 0.26210719292283 0.194363641429327 0.0530844918493982 0.234308608521647
CQ_95 0.0880197614763684 0.243073356056237 0.193859901101203 0.0169038531799822 0.092749238877888 0.365393889308321
CR_96 0.165137591639209 0.137957461631319 0.155585300552221 0.206712263594776 0.168881547298453 0.165725835284022
CS_97 0.129865195798174 0.215389188927938 0.132215322191231 0.157588630574094 0.177481259858426 0.187460402650137
CT_98 0.164230636870572 0.0843114231387444 0.0453768414766262 0.212154167882961 0.276258236165068 0.217668694466029
CU_99 0.226778705371693 0.058439243139643 0.119022563136165 0.169169517474576 0.225482190150783 0.20110778072714
CV_100 0.0724238685649729 0.278306962959603 0.216810657979466 0.149410728041247 0.176553063593025 0.106494718861686
CW_101 0.0982234692124599 0.177160871831454 0.229045824320001 0.0935947221788281 0.151416739195211 0.250558373262046
CX_102 0.0430913802894243 0.280219801555534 0.256176607032384 0.323058534392468 0.0628815819638303 0.034572094766359
CY_103 0.14339357738402 0.166593248651249 0.0963552683541056 0.210619542717407 0.192280181657619 0.1907581812356
CZ_104 0.254532267369805 0.0110075443734136 0.130827346343296 0.147721899621085 0.155790214281043 0.300120728011357
DA_105 0.124778467532574 0.251161680125228 0.186957583531739 0.277419119161978 0.0494901388272236 0.110193010821257
DB_106 0.191310903628282 0.010843022623838 0.0302701968745729 0.236688465413524 0.303141643201331 0.227745768258452
DC_107 0.0466244076675836 0.201640601899018 0.330469041851789 0.170008201844768 0.00591367196707402 0.245344074769768
DD_108 0.251004902678213 0.203059250678977 0.217542605436784 0.0314464020688583 0.0901641084780584 0.20678273065911
DE_109 0.0275572746047248 0.0743601434791022 0.0541119447753179 0.315426393224282 0.101279332053383 0.427264911863191
DF_110 0.198381303967985 0.191353763797949 0.130788224320591 0.27609041996189 0.133368369460274 0.070017918491312
DG_111 0.34282735578274 0.266289416445933 0.189734972851453 0.11785782404839 0.0573158300541548 0.0259746008173299
DH_112 0.0665088466811891 0.13190396050243 0.117187900936045 0.220610349006431 0.273600399284521 0.190188543589384
DI_113 0.0145488259670659 0.171857301026062 0.328933965509439 0.1550550726443 0.253341288965012 0.0762635458881212
DJ_114 0.00925750053506477 0.231915325198115 0.0717217666549602 0.215071722627103 0.263175385959897 0.20885829902486
DK_115 0.183959751342085 0.137840414118389 0.119646345909252 0.0818035175396479 0.246436775912878 0.230313195177749
DL_116 0.20100171696876 0.305942692909487 0.216951341668032 0.0912990281681481 0.14467310254679 0.0401321177387828
DM_117 0.28358054456482 0.232858596666363 0.238527175421565 0.160400010095653 0.059986105516243 0.0246475677353555
DN_118 0.0782163748784705 0.207789766708163 0.109528469338902 0.144538947575682 0.206452013696682 0.2534744278021
DO_119 0.134285286040968 0.110034826403223 0.0801675734844592 0.296661362815789 0.120337240291674 0.258513710963888
DP_120 0.0998793516564514 0.24290526023892 0.176795925628474 0.119657776143424 0.302694018983998 0.0580676673487319
DQ_121 0.185469840263316 0.161796014088909 0.246469693333775 0.00194299727470161 0.131608061584144 0.272713393455155
DR_122 0.375051647527965 0.0126418434933666 0.117059645719902 0.340922877523092 0.0130150428381995 0.141308942897474
DS_123 0.285747481879558 0.316635714678408 0.00552543395203428 0.174003054352555 0.189664324635884 0.0284239905015607
DT_124 0.254119121030602 0.231346999166178 0.0850501411199544 0.11625044742192 0.193973805489884 0.119259485771462
DU_125 0.0933647923452336 0.236810921336771 0.0224335805990475 0.259124390859223 0.160616394203589 0.227649920656136
DV_126 0.199189557253505 0.00676910915070054 0.153940805503848 0.372346654290867 0.249495751007159 0.0182581227939202
DW_127 0.171567851936437 0.162460074441655 0.198243493987721 0.160520954175285 0.241006283265103 0.0662013421937983
DX_128 0.0127403816731041 0.230674418057843 0.212619548397842 0.254861481990154 0.070144437330302 0.218959732550755
DY_129 0.194481619051518 0.303810237587445 0.0946118266778744 0.17465963163964 0.198600641947709 0.0338360430958142
DZ_130 0.0968200899901144 0.177593503478633 0.109428558993 0.217478045576361 0.226514779162856 0.172165022799035
EA_131 0.183202034065947 0.126334389747332 0.0851648478404026 0.22052995139143 0.21413999964319 0.170628777311699
EB_132 0.305662636377953 0.17136421277719 0.300847117331007 0.0811013172619208 0.0419367042370031 0.0990880120149252
EC_133 0.082049643858044 0.227607402458429 0.124262811961768 0.206360668812399 0.212388697119823 0.147330775789536
ED_134 0.0516577999021913 0.207889624039112 0.153758299217852 0.194432777877919 0.183600356983355 0.208661141979571
EE_135 0.199060374904703 0.0368367823184677 0.173838327887621 0.266161540059212 0.253440710170676 0.0706622646593203
EF_136 0.092934770582738 0.30865294680588 0.11909650476527 0.163691231514632 0.119797285331809 0.195827260999671
EG_137 0.095628385260831 0.106644066580587 0.331596647285994 0.041657302258898 0.273577122921708 0.150896475691982
EH_138 0.0209238846792015 0.176962625538794 0.198023509609681 0.29828078659811 0.180340087162103 0.12546910641211
EI_139 0.194818798508914 0.309031934860967 0.0606296268700719 0.178257224192296 0.0784541972664037 0.178808218301347
EJ_140 0.166930255868642 0.178068342231792 0.221241390199041 0.128163928670005 0.188481191285474 0.117114891745046
EK_141 0.188929915932813 0.0353981264475647 0.139258136324338 0.218036371022202 0.261303905202357 0.157073545070726
EL_142 0.151575917191469 0.0303726271977683 0.334120961404177 0.377628520780239 0.0248014001780717 0.0815005732482746
EM_143 0.215386774513357 0.163100208313529 0.274315185410741 0.293980562941878 0.0484641814483157 0.00475308737217847
EN_144 0.121629656522015 0.0594420629893143 0.521815415418492 0.0383056283030182 0.110106554596378 0.148700682170782
EO_145 0.200405738420344 0.235081156855593 0.0373322450057055 0.0689572738575948 0.23243325387852 0.225790331982242
EP_146 0.120526341259128 0.0392037187292266 0.28061880487221 0.109496385140051 0.053971562098815 0.39618318790057
EQ_147 0.222090057151205 0.163166205380315 0.266596946045917 0.0676108211725183 0.057757643864058 0.222778326385986
ER_148 0.0192395089532937 0.0534474651641499 0.11851608470292 0.0690526863867487 0.200508231024483 0.539236023768404
ES_149 0.397249412724321 0.0732230772248675 0.0619100410216464 0.275123567946545 0.107937815101083 0.0845560859815368
ET_150 0.187856804529598 0.191569479499883 0.12750312642028 0.0340582212695349 0.228123911075821 0.230888457204884
EU_151 0.206216463052516 0.0657916624141496 0.0902597534425458 0.29052367292926 0.214258477035846 0.132949971125682
EV_152 0.36409839764708 0.0126369501200059 0.131757567552428 0.0826265596862619 0.0996172128735477 0.309263312120676
EW_153 0.146385125718588 0.136214875414993 0.192374661185472 0.0729769931016298 0.220158589785579 0.231889754793738
EX_154 0.334898322682476 0.371291000951228 0.15566695975096 0.0687737058367836 0.0153531118659893 0.0540168989125628
EY_155 0.183814833244229 0.055525362463962 0.00751457156888585 0.337422498412979 0.166515302193122 0.249207432116822
EZ_156 0.223475826340294 0.069141428958201 0.132593224397172 0.122511773256411 0.187577820294013 0.264699926753909
FA_157 0.12482917709623 0.150732719652581 0.313755579629299 0.104932011953861 0.175474455034505 0.130276056633524
FB_158 0.136392819533653 0.167892867714994 0.129415660692315 0.181508264455058 0.253141048936753 0.131649338667227
FC_159 0.0521245383271448 0.223682202159691 0.00933809561378504 0.147564788870087 0.226987707490496 0.340302667538796
FD_160 0.132743968442662 0.164119843775538 0.241567374298022 0.160124329601218 0.246962881627037 0.0544816022555231
FE_161 0.124471328812463 0.113490860094564 0.16564558230656 0.126491316226023 0.190785299230028 0.279115613330362
FF_162 0.171588756334089 0.0170991529169234 0.267099893069135 0.138541748436391 0.12661461012487 0.279055839118591
FG_163 0.00752523658616049 0.316231589063484 0.207702111611574 0.0172317739855381 0.223513080821303 0.22779620793194
FH_164 0.0205736946382613 0.273558431933993 0.119639498865439 0.340061528763775 0.122626206808364 0.123540638990168
FI_165 0.138122255809048 0.204575518151492 0.152903768621532 0.0546910715183832 0.1875543240344 0.262153061865145
FJ_166 0.0366786610233952 0.0326784738802359 0.0273032370958864 0.341786000411189 0.253046544534463 0.308507083054831
FK_167 0.0866550872345154 0.211186178317055 0.204506005433105 0.227428010064706 0.0430351792059724 0.227189539744646
FL_168 0.156842120825915 0.221784150702521 0.228852584037103 0.10716289061157 0.190046545284872 0.0953117085380193
FM_169 0.0428074097843491 0.295987115406986 0.129272523364995 0.0398062212938143 0.303818303666793 0.188308426483062
FN_170 0.257583463876161 0.00392653358485978 0.273271209015951 0.290144392205833 0.0614330117044775 0.113641389612717
FO_171 0.379692005878536 0.0629380943697044 0.0603156064585092 0.262295045590829 0.0388192472196317 0.19594000048279
FP_172 0.225441509690417 0.158867493680981 0.21071388778953 0.0343250485987012 0.208342392646927 0.162309667593443
FQ_173 0.434131575909945 0.10662182462154 0.27810227800475 0.106501834209141 0.00488550365267862 0.0697569836019443
FR_174 0.26342425241435 0.328250925254123 0.117925917569886 0.0173545968513554 0.205805944611455 0.0672383632988301
FS_175 0.0525438878256194 0.292384401237688 0.0173334824106107 0.0399557184909929 0.298581214219121 0.299201295815968
FT_176 0.0507438610974407 0.262507164308321 0.29975142873349 0.10158637334332 0.229095347174257 0.0563158253431707
FU_177 0.199441275088189 0.209940021094269 0.0100907619861442 0.29540824501467 0.236450758106261 0.0486689387104669
FV_178 0.183713824569932 0.224556737634264 0.193554493586255 0.0953409856426345 0.167517794719451 0.135316163847463
FW_179 0.0894485598944229 0.129397110254145 0.299409686165345 0.164397596131544 0.228309108474308 0.0890379390802346
FX_180 0.242133425111704 0.215555150043084 0.0762927862458976 0.269953557235136 0.195367595293088 0.000697486071090309
FY_181 0.255567625122909 0.20469245196717 0.0923878598828256 0.133071798078495 0.255433571928943 0.0588466930196562
FZ_182 0.17639913803229 0.202460838616742 0.0041051513674451 0.0992448596468515 0.24019573258616 0.277594279750512
GA_183 0.2075510078304 0.162983141862991 0.209846735890952 0.150281216526776 0.119319946602084 0.150017951286797
GB_184 0.243635340678769 0.165270252092279 0.196395411833983 0.0403953390742292 0.176453705972933 0.177849950347806
GC_185 0.29849259753272 0.0625176394825526 0.0263088637375044 0.251566843703816 0.343355901581944 0.0177581539614635
GD_186 0.209331926831914 0.0625731054310233 0.236855612098824 0.15453660650861 0.264295863381983 0.072406885747646
GE_187 0.0888249565313786 0.110182596893514 0.226826502009368 0.259088638500616 0.258217280159723 0.0568600259054007
GF_188 0.116002154932916 0.264907286162777 0.091993008422232 0.242197237829753 0.0772036967350504 0.207696615917272
GG_189 0.283734211282135 0.139903296365466 0.212273428202349 0.0485725971470196 0.163126410622112 0.152390056380917
GH_190 0.0746224162761221 0.0160775661509813 0.00242410599705832 0.325810363235701 0.227859564959567 0.35320598338057
GI_191 0.0664399831057843 0.218380104966389 0.165318009857473 0.224666388649786 0.156857754895183 0.168337758525385
GJ_192 0.0628849652415777 0.151773141675377 0.252540422432558 0.0841655745489256 0.21279829477489 0.235837601326672
GK_193 0.168001126314247 0.0822758423105137 0.260405495733169 0.114896608542339 0.209216260461864 0.165204666637867
GL_194 0.3509320088285 0.0453667207290647 0.017324360235428 0.0641125033814006 0.472899524849189 0.0493648819764178
GM_195 0.21820196698964 0.146530153966716 0.134906835056974 0.158823630462414 0.121027745883589 0.220509667640666
GN_196 0.0722287195591062 0.164262630549961 0.205321339545975 0.10636514570325 0.153575739875705 0.298246424766003
GO_197 0.15245281977228 0.610559269173554 0.0338827387870807 0.00140879284647498 0.126671443010544 0.0750249364100661
GP_198 0.0889391336129418 0.19322459249289 0.0849057644171435 0.250906185126216 0.193277433614189 0.18874689073662
GQ_199 0.0742243244247446 0.0278911898124565 0.152748656661261 0.254614910374708 0.0701776591482909 0.420343259578539
GR_200 0.204514773076644 0.0890774457997444 0.104249211962532 0.187815814336774 0.333837711349588 0.0805050434747177
GS_201 0.307150501034388 0.0937416731573271 0.178644400480046 0.156397663415316 0.226792844522466 0.0372729173904567
GT_202 0.388765958490634 0.0427516214391686 0.00613950852477505 0.439001327099826 0.0457003313541567 0.0776412530914402
GU_203 0.243437989013041 0.215703527924052 0.101020206677457 0.120216055819539 0.0789778991552132 0.240644321410698
GV_204 0.118141459967791 0.226251879729604 0.179116216460672 0.197303019516914 0.251429579917498 0.0277578444075206
GW_205 0.302328522382659 0.140206463038859 0.0946955108714055 0.3895727148173 0.0382087029085899 0.0349880859811871
GX_206 0.0417901909707073 0.0886094381355237 0.118964705637886 0.343835394376005 0.0605241249436024 0.346276145936276
GY_207 0.131121816175146 0.127637224248215 0.122983910358507 0.0127393723674359 0.30718535638677 0.298332320463926
GZ_208 0.0453182553900693 0.278946557614285 0.458063669772374 0.0919629946239437 0.0477462744286142 0.0779622481707138
HA_209 0.132233020977805 0.152823590082269 0.260726645146879 0.186995479447739 0.023696794135677 0.243524470209632
HB_210 0.151007792794023 0.122938848427713 0.212855117588327 0.100771081118383 0.159513306514258 0.252913853557295
HC_211 0.113559108464077 0.273110631882544 0.109795749357013 0.01849097881308 0.203895332853365 0.281148198629921
HD_212 0.0752095223483275 0.115645643469106 0.204050546990857 0.228724705064073 0.110210014208686 0.266159567918951
HE_213 0.0197055003034898 0.262921060791675 0.105163040890903 0.211036492278327 0.0930287675083884 0.308145138227217
HF_214 0.0532573413598682 0.0648922834456666 0.128096760443719 0.190384733968273 0.0604388583901074 0.502930022392366
HG_215 0.150543576837566 0.117860394398514 0.0934103897649512 0.378188613177493 0.023140137900965 0.236856887920512
HH_216 0.298964596963307 0.114085344504463 0.230815016800389 0.0153066213965589 0.315869508112406 0.0249589122228763
HI_217 0.104951512351664 0.00649040365031834 0.281189049427605 0.128007262138358 0.398420440666662 0.0809413317653928
HJ_218 0.209561280889435 0.233456798282718 0.185185915072381 0.152126363011405 0.0845093967841237 0.135160245959937
HK_219 0.213491867564311 0.138795554724152 0.0312867293383804 0.200947215871425 0.176042107709059 0.239436524792673
HL_220 0.0464526007096465 0.233804516142259 0.255705269476064 0.186674190966116 0.179411685376152 0.0979517373297633
HM_221 0.129524155015075 0.215211198980592 0.124453910035079 0.157576176418797 0.147465026671538 0.22576953287892
HN_222 0.0264631695774879 0.0288078635769496 0.131683005951843 0.0441385813393381 0.21073340692696 0.558173972627421
HO_223 0.153310793647511 0.234316709578747 0.0556955427886972 0.21133912638905 0.0228266881942187 0.322511139401777
HP_224 0.172588682337717 0.193960545605262 0.0842313307341819 0.290259633226837 0.0548162576585052 0.204143550437498
HQ_225 0.0119353569503993 0.19931064748017 0.195555855179358 0.241762628877998 0.203275641799718 0.148159869712357
HR_226 0.13581723943754 0.285418436148488 0.217961802223467 0.0621199139994733 0.240379271540249 0.0583033366507822
HS_227 0.203791772350593 0.172881799527606 0.248495144529194 0.0490831735415364 0.0373713750384249 0.288376735012646
HT_228 0.162419705387697 0.213102722580499 0.0105790985452335 0.0388769121987586 0.31749893965683 0.257522621630982
HU_229 0.341294527985739 0.0727129340526953 0.411466664614167 0.0497308445340391 0.0756241903925083 0.0491708384208508
HV_230 0.0960351655574905 0.193538393013583 0.0338907522053865 0.14691803050951 0.453426789141072 0.0761908695729581
HW_231 0.185857581897284 0.116817041669947 0.192051644409534 0.201831680056661 0.19472059308358 0.108721458882994
HX_232 0.363624991822527 0.00380107298575031 0.0802373300036967 0.214066152134103 0.158230892821086 0.180039560232837
HY_233 0.0114392025315836 0.333320077315714 0.0864706579934626 0.150561890112459 0.144095347764259 0.274112824282522
HZ_234 0.196930262029034 0.110356949192172 0.294974642653605 0.0612777605479723 0.241105746724781 0.0953546388524346
IA_235 0.284495747465435 0.197197946562495 0.0468448107306253 0.178851423707802 0.197530835912273 0.0950792356213685
IB_236 0.304238657047105 0.223698335764232 0.0273026944052779 0.0551109123343332 0.292928260038649 0.0967211404104017
IC_237 0.222318547960392 0.227170258979891 0.226164626688692 0.101148693154272 0.0866156803021861 0.136582192914568
ID_238 0.203570731156265 0.166483859660643 0.15782708979692 0.146713668062902 0.296395373880156 0.0290092774431136
IE_239 0.238651148697648 0.139023917231027 0.0333574121068139 0.15308439380856 0.218298173223791 0.217584954932161
IF_240 0.203858206605657 0.2507047211579 0.0374268379215351 0.302413050851181 0.0305481270727085 0.175049056391018
IG_241 0.187122583600506 0.17967561523154 0.107684729143193 0.156097801145038 0.227077134705986 0.142342136173736
IH_242 0.206235145540021 0.127140673815488 0.31512503357514 0.140209710694658 0.147321478584322 0.063967957790371
II_243 0.331416645245722 0.059841519573477 0.22450605058901 0.10656444064823 0.188572208996142 0.0890991349474194
IJ_244 0.0831648837492434 0.437832415687799 0.0739348008725895 0.245094922528434 0.0286614336477621 0.131311543514172
IK_245 0.230827919651286 0.129953306619437 0.162060038860753 0.163445669848429 0.0566615952444319 0.257051469775664
IL_246 0.118602836980293 0.0544160048180109 0.194153961947372 0.179479775412033 0.212151895031621 0.241195525810669
IM_247 0.277672006371571 0.0676876256146235 0.0634493650957942 0.278915339797253 0.0990688048397811 0.213206858280977
IN_248 0.0958689993073358 0.139748367879549 0.311121206385236 0.00870080252031752 0.291322567542884 0.153238056364678
IO_249 0.175880025617828 0.259758062982461 0.0643196580893683 0.219757344712016 0.096994125375866 0.18329078322246
IP_250 0.286551159006157 0.00391559841886919 0.00402163692194879 0.234158565433191 0.289798945218176 0.181554095001658
IQ_251 0.0861576930628399 0.329594732598825 0.250852158406251 0.0530212617534871 0.128080923220012 0.152293230958585
IR_252 0.116098206650249 0.154323382927786 0.201200324916469 0.210296665057935 0.241241133457226 0.0768402869903336
IS_253 0.148760242451756 0.183878209566894 0.239065674532455 0.141387668869407 0.15535865513969 0.131549549439797
IT_254 0.00347719390852266 0.143472205372869 0.308888192062805 0.0703103260087909 0.275654621104001 0.198197461543012
IU_255 0.0674329362865256 0.162042275802264 0.241275688433597 0.288906898066077 0.0810283542961261 0.159313847115411
IV_256 0.363569345893212 0.258573020432807 0.128717804470996 0.14246402316496 0.0990931623693023 0.00758264366872262
IW_257 0.185020161807037 0.00892783533522847 0.00799552632412204 0.25848305649181 0.294909906056497 0.244663513985305
IX_258 0.245614556780606 0.128788781551337 0.204025257041935 0.0780600432000888 0.214487100014603 0.129024261411431
IY_259 0.151823702426426 0.131192553952288 0.187927334698612 0.20734096987023 0.0916921024841727 0.230023336568271
IZ_260 0.0532515562398441 0.116163047536569 0.285153589031425 0.0788057423434301 0.26961068799049 0.197015376858241
JA_261 0.168830208469996 0.200942835314294 0.125964647928951 0.254140572198342 0.217513403362224 0.0326083327261926
JB_262 0.188198015335223 0.130120566380642 0.242969004367605 0.23365214003501 0.0477283993756134 0.157331874505906
JC_263 0.298067441349609 0.0375474086699812 0.171344134194019 0.279031729295715 0.144319089533246 0.0696901969574307
JD_264 0.196431456101231 0.200096937098181 0.127412241746727 0.132266247270916 0.0899968914368916 0.253796226346054
JE_265 0.304874761526471 0.176227757749357 0.0427491416176493 0.122839106167332 0.101365111531888 0.251944121407303
JF_266 0.247344037248807 0.0403727498982551 0.138774996043876 0.106881990835157 0.312131355858649 0.154494870115256
JG_267 0.378789511692922 0.271247352742988 0.231203899905321 0.00690044016658688 0.0340235571406501 0.0778352383515323
JH_268 0.0891407949248415 0.288710601183037 0.0135053697970383 0.245308334012017 0.170832774232124 0.192502125850942
JI_269 0.262048801947624 0.195238148190234 0.142269793991615 0.0988855050852788 0.200414265926553 0.101143484858694
JJ_270 0.151247368669942 0.145395785013081 0.0412106908839841 0.359310509197248 0.186808817834034 0.116026828401711
JK_271 0.228723515723901 0.190519480824629 0.196743880954545 0.0616055657718035 0.140464053413012 0.181943503312111
JL_272 0.236412487264664 0.113674835615447 0.130703257871562 0.30833261295757 0.117123691415582 0.0937531148751747
JM_273 0.166001777155895 0.207187590597994 0.0304829637092936 0.195708961622541 0.226259243057421 0.174359463856855
JN_274 0.0840313209514845 0.203241453313531 0.238494737232315 0.0470956478220594 0.343401687206855 0.0837351534737552
JO_275 0.144655874850202 0.176375069558305 0.241820469180453 0.149147628309773 0.130508558341038 0.157492399760229
JP_276 0.104078969853844 0.136945791588238 0.0917099036604271 0.331932840543515 0.327080867552986 0.00825162680098876
JQ_277 0.245890261884391 0.239701278044242 0.123364177321512 0.153864211640351 0.0160550766581932 0.221124994451311
JR_278 0.0309526603405829 0.328479721380927 0.109753866734155 0.203420497605955 0.215193905669333 0.112199348269047
JS_279 0.0127078430108359 0.367929387451115 0.163770649204875 0.441190587081325 0.00639678199153242 0.00800475126031755
JT_280 0.0720263539694539 0.250156368568292 0.291169476403567 0.0893854566988968 0.190218353688177 0.107043990671614
JU_281 0.335296381839728 0.172506224038916 0.128807875941105 0.0986322461353723 0.0517556633877408 0.213001608657138
JV_282 0.15305008093431 0.231655542189733 0.0973194013884914 0.0346387910049158 0.287380943582807 0.195955240899743
JW_283 0.219869741525274 0.138858965026767 0.185138461662401 0.0689907660121824 0.161321946247852 0.225820119525524
JX_284 0.255303504936222 0.0490250577548739 0.289140724882853 0.061883116392406 0.202368471063529 0.142279124970115
JY_285 0.129625129752087 0.0615979616871625 0.247855249005171 0.220644987638502 0.264200578149888 0.0760760937671893
JZ_286 0.10249072215463 0.100719060740106 0.277822224491679 0.365211820889041 0.127635757571984 0.0261204141525592
KA_287 0.0661192480227044 0.309034557599897 0.220787230687953 0.0563457897512113 0.073690988940189 0.274022184998046
KB_288 0.297669114097708 0.172572938010648 0.113018806696367 0.0903568209903296 0.0460889011280048 0.280293419076943
KC_289 0.198001765562129 0.116873349856084 0.0903067504031077 0.0388712456943469 0.347110290699186 0.208836597785147
KD_290 0.233050292900621 0.179866019643451 0.256518143624825 0.206878277641579 0.0761083929012283 0.0475788732882944
KE_291 0.267014415074357 0.17218543766021 0.0147029686230089 0.199316497063941 0.163567205018142 0.183213476560342
KF_292 0.000578926757366266 0.0554010606444456 0.448474767695925 0.464043465753332 0.0212731401510953 0.0102286389978356
KG_293 0.290378113652337 0.230294207150975 0.220243258592053 0.0945202660181158 0.0831019710895878 0.0814621834969315
KH_294 0.245554341546418 0.0065238837377993 0.014058401913031 0.248357890764698 0.408710915349995 0.0767945666880584
KI_295 0.101852005465256 0.242159927748043 0.0935215392028667 0.259113168257354 0.0241478791064087 0.279205480220072
KJ_296 0.176274055386936 0.155549304552665 0.241549998482722 0.229730055101858 0.174741345507825 0.0221552409679941
KK_297 0.333645581850871 0.0408019607648862 0.0796027741998126 0.225263562023503 0.0448593143103832 0.275826806850544
KL_298 0.243974814012349 0.116267711379807 0.245639094787046 0.00605531254375013 0.151789934438196 0.236273132838853
KM_299 0.0144527522543143 0.120477972705408 0.210425028299311 0.204497456426632 0.193830463928865 0.25631632638547
KN_300 0.0780087851861686 0.224220437460429 0.257483489144587 0.221369415542736 0.0927707070322274 0.126147165633852
KO_301 0.215565677354725 0.069826858398797 0.257905164295115 0.0566057049246479 0.274381678849421 0.125714916177294
KP_302 0.208930091868031 0.120377411290051 0.147861917353746 0.162824800703615 0.160980813206409 0.199024965578149
KQ_303 0.328812988963564 0.0913538337412874 0.0975971297460761 0.309994107866868 0.100484305289818 0.0717576343923867
KR_304 0.194074000173294 0.223990538836733 0.250534735936516 0.176855149274258 0.0476536497318775 0.106891926047322
KS_305 0.162371314470594 0.162324236421416 0.382841455655933 0.0518691281862974 0.151596669514016 0.0889971957517435
KT_306 0.144343555778963 0.274223883523966 0.0814830576588687 0.418446671150018 0.000315198117082132 0.0811876337711025
KU_307 0.14155332037306 0.158891594837555 0.23885115936744 0.128380685878752 0.138632014126659 0.193691225416535
KV_308 0.232295948832293 0.105618269353451 0.136811465095388 0.112826269869404 0.322043553514659 0.0904044933348048
KW_309 0.218791165424091 0.0964484812975369 0.155923131334699 0.153406563675326 0.243521785912258 0.13190887235609
KX_310 0.132186135807046 0.206006838296907 0.0764075256377795 0.216458897933692 0.155630163729633 0.213310438594943
KY_311 0.200195048993059 0.229664594512102 0.0312068022728178 0.101492305267919 0.213900280390913 0.22354096856319
KZ_312 0.17657605652859 0.261411659607892 0.173702680518564 0.0574444175009821 0.268935383487149 0.0619298023568231
LA_313 0.0711536618678267 0.261090531040334 0.191403195304001 0.109064220644666 0.0748470829268512 0.292441308216321
LB_314 0.100051295716901 0.310903705042173 0.220957907690872 0.111161291131048 0.176395055825396 0.0805307445936099
LC_315 0.298238082230996 0.272471099285883 0.180548127109486 0.0900515645437427 0.00795103402110917 0.150740092808783
LD_316 0.337844227516445 0.311260748814727 0.144688968827755 0.145994634568419 0.0303719962400044 0.0298394240326483
LE_317 0.250517759128565 0.0647246907274086 0.184762935876576 0.077922659515491 0.2646305035377 0.15744145121426
LF_318 0.159710706058118 0.0166638417540001 0.264055733543744 0.217030592505496 0.158958643574988 0.183580482563653
LG_319 0.188887872053233 0.275009211977828 0.194164527723239 0.191085752688232 0.11167819366665 0.0391744418908168
LH_320 0.0338434569492974 0.19283480065143 0.335754536204236 0.240959076782297 0.141228438487792 0.0553796909249481
LI_321 0.214321434208689 0.181120808936405 0.00498974137549519 0.243926318335001 0.275240376738774 0.080401320405636
LJ_322 0.263238281587983 0.0770559663247946 0.252032797754623 0.0622799186021044 0.25457846580384 0.0908145699266552
LK_323 0.152974940016859 0.141946377025306 0.237612391709031 0.147626249578884 0.173405178934955 0.146434862734966
LL_324 0.0204649884570686 0.00831162372756535 0.25157170827481 0.271018275567379 0.173537943819297 0.27509546015388
LM_325 0.252667351028148 0.240158848299154 0.186369480201768 0.00177590013662451 0.200842310975456 0.118186109358849
LN_326 0.0114224821310552 0.111245517359553 0.25222447583695 0.0930440735481506 0.266906886133416 0.265156564990876
LO_327 0.080442233982915 0.225037637602797 0.241468544855884 0.154012505293272 0.168920187034359 0.130118891230773
LP_328 0.181031115450775 0.0413078851735415 0.174962666445148 0.224854308290347 0.17885299009122 0.198991034548968
LQ_329 0.227212430027768 0.130353427557477 0.11659944484387 0.0223458450753607 0.2787318118975 0.224757040598024
LR_330 0.0330386078747597 0.0386523610008735 0.337989713164755 0.386593915947983 0.112953483421673 0.0907719185899555
LS_331 0.246833486279457 0.0739678018763305 0.260779309288661 0.0205086027610729 0.163096826381966 0.234813973412513
LT_332 0.244021400329991 0.21309918147068 0.0106152090285067 0.311392740608591 0.196919899531267 0.0239515690309643
LU_333 0.371171137868306 0.0497692107987572 0.239188602407794 0.013173083558401 0.318450147853513 0.00824781751322885
LV_334 0.236992554572822 0.176522433327162 0.199007946739008 0.225733208424664 0.0801035767130839 0.08164028022326
LW_335 0.256698293357199 0.107007307902037 0.0517841872232033 0.0361121344577762 0.35715754685882 0.191240530200965
LX_336 0.206422512635695 0.0783403726434356 0.21574681629649 0.0302991398488081 0.201111337863285 0.268079820712286
LY_337 0.217123506377048 0.219396613886806 0.0707205110310454 0.20401794495476 0.086547138287219 0.202194285463122
LZ_338 0.029864413093191 0.12661776449906 0.253595254502843 0.12532364982196 0.102527588323446 0.3620713297595
MA_339 0.180260272031391 0.0817439168196504 0.0860251056856585 0.25972799419926 0.256681703471671 0.13556100779237
MB_340 0.234601357714173 0.00525888758251412 0.176219296569331 0.0748989593942643 0.337372490393914 0.171649008345803
MC_341 0.285094431553138 0.0155336073591135 0.159816524325592 0.135990654349596 0.271969942442626 0.131594839969935
MD_342 0.0431290321459442 0.296381157724277 0.298354281070372 0.126531353392703 0.225478172755086 0.0101260029116175
ME_343 0.224028077558003 0.259093559656589 0.0961614454136899 0.151205334261003 0.224349293861749 0.045162289248966
MF_344 0.0362769917007143 0.0322724870377016 0.227014315711788 0.137738142565572 0.345614193559665 0.221083869424558
MG_345 0.187891207637064 0.0936712267436188 0.174869132131418 0.148502429838832 0.260441068000328 0.13462493564874
